notebooks/skycoord.ecsv
# %ECSV 1.0
# ---
# datatype:
# - {name: col0.u, unit: pc, datatype: float64}
# - {name: col0.v, unit: pc, datatype: float64}
# - {name: col0.w, unit: pc, datatype: float64}
# - {name: col0.U, unit: mas pc / (rad yr), datatype: float64}
# - {name: col0.V, unit: mas pc / (rad yr), datatype: float64}
# meta: !!omap
# - __serialized_columns__:
#     col0:
#       U: !astropy.table.SerializedColumn
#         __class__: astropy.units.quantity.Quantity
#         unit: !astropy.units.Unit {unit: mas pc / (rad yr)}
#         value: !astropy.table.SerializedColumn {name: col0.U}
#       V: !astropy.table.SerializedColumn
#         __class__: astropy.units.quantity.Quantity
#         unit: !astropy.units.Unit {unit: mas pc / (rad yr)}
#         value: !astropy.table.SerializedColumn {name: col0.V}
#       __class__: astropy.coordinates.sky_coordinate.SkyCoord
#       frame: galactic
#       representation_type: cartesian
#       u: !astropy.table.SerializedColumn
#         __class__: astropy.units.quantity.Quantity
#         unit: &id001 !astropy.units.Unit {unit: pc}
#         value: !astropy.table.SerializedColumn {name: col0.u}
#       v: !astropy.table.SerializedColumn
#         __class__: astropy.units.quantity.Quantity
#         unit: *id001
#         value: !astropy.table.SerializedColumn {name: col0.v}
#       w: !astropy.table.SerializedColumn
#         __class__: astropy.units.quantity.Quantity
#         unit: *id001
#         value: !astropy.table.SerializedColumn {name: col0.w}
# schema: astropy-2.0
col0.u col0.v col0.w col0.U col0.V
[from data line 5508]
292.5477181829412 170.26372420750909 110.80825709459204 1745.4229289517093 -2326.9436265338704
300.9029272189117 176.6868879879878 114.91292253907787 1736.5469756253824 -2384.6920718716183
307.2005797060271 179.02113478638773 96.54989505203997 1685.8799986397996 -2216.816299753535
335.8896457088017 193.78077220647899 108.02265237330403 1757.1237352560108 -2359.5990582530385
292.93749571938383 173.58665483714256 111.24334182154466 1711.306819461719 -2250.1008738377277
275.35453622767506 162.4257111753513 103.55383850649342 1810.4007629084415 -2423.6001232341687
272.2936862346366 164.44758792579685 102.99941522539946 1625.4930918004231 -2132.263893455298
284.812285702902 169.22967892731435 107.69136195930511 1662.1066503287605 -2207.2976111277194
308.1600932401244 178.70272784707146 100.77227719266516 1753.8739290134622 -2378.287124884057
334.929553498431 198.6330179806614 105.30608014408482 1770.4118714587303 -2307.609315677107
273.37129075408575 162.9710932168939 106.55466975063625 1674.0955083324957 -2279.881091225609
299.2887465579046 180.91740892586915 115.3163346259582 1661.09297484608 -2170.2895641619
327.6728923374372 193.5814373537727 106.6992650981534 1770.18230243628 -2334.331107073879
323.98205077688596 190.26235307536191 106.15509545224053 1848.4235135219335 -2494.0378737332867
332.1743371440863 195.73677613566906 108.96521485182652 1872.7337304959392 -2500.246918871014
297.23750138855445 175.14863044211768 96.4458554359417 1685.1173533748104 -2235.3691799944745
271.6037945995678 157.02784979694525 90.22300714872726 1409.2456633650158 -1898.0308648488106
324.59928539359913 190.7189362922629 104.73185313768694 1728.2989190054088 -2328.729957797659
292.55811684328893 180.1018486647547 92.34598613175051 1858.2570608675721 -2411.786396543349
331.22807798234464 187.46655796470264 112.48175502800542 1811.3685604317006 -2419.713900395484
267.0921425353507 148.9025386991372 96.08049261333383 1491.8493141117824 -2083.443280629037
315.4732070677947 181.72581509459098 107.3887736564574 1835.137324095645 -2471.219914276651
297.129665732323 170.99430616730103 103.18782456459988 1729.8787597911266 -2392.405275987532
316.59675238171434 182.34958786127402 107.99054362111558 1839.571603612343 -2556.0017706837243
293.35306991269914 166.1599195243065 101.92189876676498 1693.3896688619345 -2346.4247936242314
283.64233982036103 163.64378480794647 96.01838448149255 1540.9095785341976 -2059.9945014227965
299.0018585841178 170.48569630071609 104.70266419015033 1780.0111106351455 -2432.5352751303344
290.6189334334809 167.5794979802601 101.04695840818987 1731.3969491169833 -2303.613425358053
290.407998846398 169.42518176149835 102.83841320947754 1753.9001218264534 -2313.564928654404
281.6727907594544 164.0347994189688 98.83782249120789 1680.1305944554301 -2287.377941329568
279.6180672483815 161.8259609867612 98.71715903932547 1625.5615665938599 -2364.537745269468
288.6666637478612 166.11519735374372 102.0930736175028 1775.2917676451425 -2310.9269592166024
298.43588767529224 173.5860241386831 105.3332845888613 1758.5639922182816 -2446.3962699223425
267.8631907441591 151.01279704823452 98.98858580651522 1708.0029295641978 -2341.8482990090506
280.3255739774795 156.53692049130711 106.7882975337077 1756.6979581081337 -2355.4425995206475
275.3326496286719 154.22893370551563 103.39957661894479 1572.4583713953155 -2205.8498220374886
282.1457723916999 161.174839258808 102.56369081585291 1636.0008616847358 -2178.314139645201
301.2181031461091 175.79491838366928 109.2801396028917 1755.7338160317888 -2389.1878078956006
304.4843558640019 178.16600479357666 110.24114234780248 1796.0451455485777 -2391.6475182009353
268.54920359685474 154.4587154403038 97.3248714728314 1475.8766422979459 -2134.5363649172446
288.14676103985283 167.9065865944794 102.49804731721629 1666.2104434920589 -2293.8383298564986
287.84734349410274 167.7119284320086 102.66471596211495 1653.1689430638055 -2217.601608200863
276.3533483559174 161.40763157050267 99.56085494934325 1632.1699452576925 -2221.2334185276927
279.1186235738756 161.08996235783204 99.92366202031867 1503.8743695034354 -2047.1034282774244
279.6921159499928 161.13414452882805 101.47947149661029 1717.6189870470193 -2323.1174271328464
272.84918111701086 157.8975236275806 99.22736540751309 1567.9480003896606 -2138.812649563691
284.4359328636425 165.35741425489974 102.36691721987495 1688.0421572738412 -2274.1474922719503
275.32316438299733 160.08057631340597 99.00044824754119 1562.9098041074083 -2098.4821709975054
268.4869706036442 155.72622874285543 95.70968399784252 1540.9637523059903 -2160.7540320539015
279.73107761990934 161.84837565440927 101.8797769629469 1703.5212633567576 -2274.2157479473517
313.1370385630051 180.91232899114766 111.95210816743374 1890.0695557420752 -2556.749201588685
306.78358832369196 178.99696279676957 113.19784113055792 1675.75290558225 -2199.1002221365998
275.7551042190407 160.28033435949234 101.03096653230043 1562.2335618472848 -2052.8869917188904
298.581372675977 172.99736808464908 100.91450689001539 1690.3736250451773 -2308.644474737002
279.82182686259995 161.1171809766993 104.25426719412276 1664.3025482812818 -2291.3468225999313
268.13312526923727 156.47196765745278 100.06987690973126 1550.5795670969362 -2039.1816285267225
296.237107172037 173.65276254788813 108.49073893290124 1755.9037466027362 -2380.8278519836167
274.03887623730736 160.41547709520808 100.10930960571405 1663.1880051626867 -2198.8058791832427
287.86074987272815 166.85824925040538 97.20380417178609 1584.1101987197328 -2281.3943235593383
300.9824008298296 174.93825886543064 111.76769770388232 1766.2432874225005 -2433.8430348080947
294.88868807568895 173.72414498688812 100.64610002782861 1721.7217184773617 -2292.034547702241
293.23837907740375 173.48711209743976 97.29184583155362 1683.1327934785938 -2220.3242711042753
310.63786273551057 183.3212021029138 104.7040607516463 1789.953251654678 -2321.873689985694
306.8337257506181 180.4360428532384 103.36218718824749 1796.665324836719 -2372.1844619499343
263.3213233373728 156.26248202480568 88.6678755447175 1485.876446421334 -2000.2664255811117
291.07135995360665 170.04241419542512 99.20440379668196 1712.968176139521 -2287.6036824607822
290.8205477451428 170.7834317933563 99.41105939966805 1598.4296101090827 -2114.493249240525
304.58469044712 177.967737272021 103.20110296313352 1697.4237901652318 -2251.1941874710337
296.7324080275456 176.32397348371785 100.84088489577584 1647.705543672555 -2198.3042883789362
302.1723889119322 177.43307212489597 102.58878143654138 1788.7293866709144 -2426.7577248705393
328.17493012142904 194.24195297077935 111.09476656334333 1914.0884316840086 -2580.0993985768005
288.3196473239819 168.88765207116717 100.20878511959789 1607.5365531400323 -2164.995120675135
282.88832095204646 164.86364831518017 99.25907922852544 1661.0048276427715 -2231.3629414711763
305.0637577521632 178.83192945567998 105.25578814862637 1734.3839189887485 -2373.691299015778
292.4227232735279 171.9732872042117 101.16991998477653 1716.5299659913305 -2283.7446143870543
319.0058108412971 187.67549561533363 112.37982208879808 1950.3417714545387 -2642.325787410202
284.03146294208744 168.194415404736 99.63147973884023 1745.3593439973592 -2416.4036926338295
286.9720414597053 169.57152381770155 100.97516319665085 1647.4215391989483 -2205.1059636449254
330.90671442532073 193.46971723680556 116.7134874647003 2005.4244348277864 -2672.149754786058
287.85678599670194 168.74604241182823 99.32446471011872 1514.7435124423848 -2083.1108247475486
281.31212387065654 165.42064425077857 97.30357663785327 1627.4462791058497 -2213.5110750094123
279.2976867109529 165.44280561024337 97.54696133448383 1645.762579251059 -2167.289399475401
287.7152429516346 169.4760626602577 101.36967192156763 1633.877037736962 -2233.2345772850504
282.8117985806598 168.48736963851286 98.9176099067285 1553.4803142584267 -1976.3992274529398
269.74058470431277 159.46594837883683 94.12167453880107 1587.6908818152285 -2061.27687251355
276.55334561040183 161.34788486503368 97.84161536558399 1630.1023139631216 -2294.6588625171057
303.94851578904326 177.32267098139044 105.39465257353565 1700.7303530783838 -2359.458686187188
258.7142638346857 153.73664854515238 88.70179339347007 1522.7015698665227 -2009.1110061153634
296.0915156393484 175.85607637809127 103.7309790052734 1755.9806153336688 -2328.1974181634064
290.62437097133864 169.4408284332516 99.839912919986 1553.7343993557872 -2037.4410518522411
288.83714192894837 168.32822097597182 99.53043203487462 1699.518698738453 -2264.211402706293
291.59117367085776 173.7424493886949 100.80980384526995 1756.4150844709527 -2226.3959759842833
287.89639995134075 169.36973897521224 101.66194642898053 1604.792685274065 -2136.6473746645383
261.4597153428309 158.97239425932378 85.78543505520739 1575.822243899293 -2029.5876772026752
305.8396052491182 185.80463608860035 100.31384312551077 1731.3191886993973 -2238.4213101347527
304.1792870952286 182.16063698950444 106.55970894449469 1747.7892116178366 -2273.035743881749
294.3889953906605 176.30563050068653 103.08445926886345 1600.3520233765553 -2120.605456444813
259.82792506613873 161.40573367566216 85.56372165886093 1401.5187076231716 -1775.0544017253333
287.77935886658037 174.34604944330755 99.15751215556998 1748.5320714616657 -2394.443352453511
277.32062637942374 166.6027851063777 100.14223787449797 1641.5293438291762 -2112.8006215456176
283.53168136103955 166.8073022144508 101.36100399216167 1657.5141234186603 -2240.9861565747556
287.84381100332627 169.82793606035207 102.30244986654276 1690.4606818471852 -2288.418753350474
288.0693489584514 172.6969379558418 102.49670621868925 1752.0984306850573 -2326.4826334203526
286.50850040070225 171.71425376417812 103.43868574873242 1679.0002896937222 -2247.461480530524
300.89198026340813 176.55778686793548 107.64293491241656 1628.5150468248148 -2193.785978468401
276.11416090444527 163.11137339578863 99.30509923785525 1519.238014999375 -1988.6801935865851
254.84879399962873 150.31654961013632 89.93572360556527 1466.4791831543369 -2067.4025497366215
273.13115446470323 162.42735459169646 97.77349393817497 1775.530110533158 -2324.5992316504357
300.6257914372346 178.62490022882847 107.05966416778348 1790.3518139070009 -2265.6414518794504
307.7835159502112 183.241055880607 109.3417189330777 1866.9534144383947 -2483.9633762442622
282.07237335009313 167.48918313837592 100.9017023707076 1613.0909015260654 -2218.271245304081
281.90974908390797 167.2807468536856 100.26009781021351 1667.2908738720841 -2162.9022554821886
309.3253564360477 184.20863105678742 108.9738738399247 1744.529599526357 -2206.531671676798
320.4830101528276 191.210944159609 112.84703342344483 1795.4194122385188 -2425.3111689451634
307.12339751244036 180.46138396555028 109.33659202864848 1851.6782430010328 -2549.658621625329
276.5164357975276 164.00817388969503 98.92436440668303 1593.5788041593662 -2120.8625543567505
299.14369673293714 177.27273450510947 108.58783707962066 1758.6315372937386 -2361.4510013845616
311.4778896719246 186.16818080983782 112.49355545717862 1854.1328824169095 -2422.7622379328486
292.429736777441 172.6030674005398 104.34719132678376 1717.9555634673738 -2306.8650403573993
277.501971999349 166.9569302447702 100.21541935527073 1606.8795341344114 -2146.233587529313
320.6534399454732 190.76554417827109 113.06398399215882 1971.9768460055489 -2661.7201791778525
282.283085384044 166.79448190916793 102.33552984807125 1683.3380137597926 -2319.9918536217774
284.92389595776757 169.10666888064551 100.70986692531652 1719.5231583088455 -2340.8648922112866
282.48582610380475 165.27141796802525 100.96539823288768 1667.6272032181857 -2314.3423927887848
289.5776235652394 170.8099552386028 104.27632574607428 1661.622683956482 -2248.097096538923
280.3727765588296 166.25373268577633 100.9292023025029 1652.479989676752 -2232.44644455897
299.8230008296371 176.733291331804 106.41607840740585 1750.4764812179221 -2356.8051671595945
259.39117968655944 152.58650661843208 93.5219064608315 1553.061236027908 -2133.723455316514
282.6218772918742 166.8801050258897 102.37117753864771 1659.447414084989 -2212.4485312821994
280.3331076539215 168.17047227991492 100.86729955636117 1619.2563835584435 -2192.2860879319437
290.5883067815375 170.54434726031263 105.38046620331133 1688.7702485017046 -2248.5220636589684
279.6547819793356 164.39818914417063 98.95904910817508 1733.8338108994178 -2186.9306103385175
285.4832833565655 167.75832644141522 102.35815808962067 1686.1834293867546 -2310.245329475011
291.0137249016403 174.58003696424126 104.71576170405005 1698.6549257817474 -2104.9995454874484
281.63316057828723 166.10579416572708 101.49953731834502 1676.559930537798 -2217.666996890456
268.62932881681627 157.67044830439914 96.73294854658356 1609.4436096453396 -2194.346442090817
279.4000867540374 164.43141273725402 100.5187635973346 1617.9808502652827 -2184.7041296240172
286.384733614667 169.2526702847217 102.29128631272066 1714.8031445423699 -2215.848665798853
287.6744723618388 171.49086112674445 101.63357047915463 1611.5709803563018 -2152.754236081172
267.56491639435717 158.75373553551046 94.56632369880192 1533.7461053962804 -2044.1075439933059
288.41139231457026 170.20282352336173 102.17309641912624 1635.8984741407512 -2217.0899840877996
279.20061580690043 166.32215802284546 98.52652038191788 1641.3158707615291 -2081.2420286989563
277.62899998705416 166.3007365231413 102.25792625388024 1656.6587399295902 -2201.062349789535
288.3483712990844 174.7285634609224 105.13791653655532 1792.0102693400006 -2320.4339228271
316.78212697520775 189.6212507485985 115.9649854431442 1948.6931793781569 -2587.6647199863164
281.897078626544 168.6238676232438 102.38651294052357 1657.0630968472587 -2177.2988822517373
284.93157904981496 167.64071229512538 104.39338780902806 1675.4691599666721 -2247.2507527817647
283.8380402150733 166.8597449535055 104.49489849321756 1637.1502028206166 -2035.1500687863474
288.18611949329653 169.7269000362091 106.25869521698235 1717.2290798520005 -2296.8337294355774
273.7603787392317 160.9418459012777 100.21077311733728 1526.911091389257 -1996.0285725882266
322.74952248753885 193.1659571569094 118.51627996248399 1868.6946155264109 -2401.2898083430246
284.3003506477712 167.15755306396463 105.13432634594467 1569.8670901895016 -2127.6465620746208
301.7006772331539 178.9129625760144 109.73518311437984 1717.538431116714 -2287.5429237166845
295.0896507817231 173.81176477516954 107.89007198710799 1713.3170799303787 -2277.3780623945113
256.2901327968865 151.75639511535846 95.01115566118666 1487.4366509300794 -2034.556176285817
277.4018843694008 164.03507974251605 101.2519629515485 1670.2217777555632 -2235.0855827032938
301.2331481268612 180.94251894589294 110.63922366630023 1685.628657936503 -2105.2518627639565
270.8473960222073 163.83405022379966 99.11087945813536 1608.683908154524 -2203.1624613935105
278.2523099613171 167.82008320204912 102.42663339827652 1656.8273968412593 -2141.986675798466
268.9389014167279 160.4964311562909 98.77745094632603 1567.7936575554718 -2170.5776246603828
277.7516664014162 167.77144485376706 103.16808373869912 1568.824500738854 -2045.6462061092295
281.36940417940156 170.14949848357406 102.90726298992045 1642.7639647336375 -2152.8942238771992
295.1087500520092 177.04371587265496 107.0234550677511 1794.154081359868 -2261.6458442297667
278.67079780389747 163.6916788053989 102.29819340718333 1697.416054977074 -2345.6528833807643
281.86552504432615 168.13749675098347 102.87446747896688 1683.2025817108338 -2193.626960237446
281.938802374206 169.6691053411721 102.77837519760367 1727.706953261892 -2245.2549037081544
315.86552557601055 186.67952697494763 114.86945688581756 1901.4332603583462 -2605.5023336058603
292.90168281174294 172.80513453037375 107.60915130044442 1852.2862257677264 -2511.068883814593
283.7731367384077 174.27223903763735 100.9676447619683 1718.3323152497771 -2223.022000360355
293.87492804365183 178.98473280627988 102.5289017949922 1802.9179152245965 -2344.654243952281
