notebooks/skycoord.ecsv
# %ECSV 1.0
# ---
# datatype:
# - {name: col0.u, unit: pc, datatype: float64}
# - {name: col0.v, unit: pc, datatype: float64}
# - {name: col0.w, unit: pc, datatype: float64}
# - {name: col0.U, unit: mas pc / (rad yr), datatype: float64}
# - {name: col0.V, unit: mas pc / (rad yr), datatype: float64}
# meta: !!omap
# - __serialized_columns__:
#     col0:
#       U: !astropy.table.SerializedColumn
#         __class__: astropy.units.quantity.Quantity
#         unit: !astropy.units.Unit {unit: mas pc / (rad yr)}
#         value: !astropy.table.SerializedColumn {name: col0.U}
#       V: !astropy.table.SerializedColumn
#         __class__: astropy.units.quantity.Quantity
#         unit: !astropy.units.Unit {unit: mas pc / (rad yr)}
#         value: !astropy.table.SerializedColumn {name: col0.V}
#       __class__: astropy.coordinates.sky_coordinate.SkyCoord
#       frame: galactic
#       representation_type: cartesian
#       u: !astropy.table.SerializedColumn
#         __class__: astropy.units.quantity.Quantity
#         unit: &id001 !astropy.units.Unit {unit: pc}
#         value: !astropy.table.SerializedColumn {name: col0.u}
#       v: !astropy.table.SerializedColumn
#         __class__: astropy.units.quantity.Quantity
#         unit: *id001
#         value: !astropy.table.SerializedColumn {name: col0.v}
#       w: !astropy.table.SerializedColumn
#         __class__: astropy.units.quantity.Quantity
#         unit: *id001
#         value: !astropy.table.SerializedColumn {name: col0.w}
# schema: astropy-2.0
col0.u col0.v col0.w col0.U col0.V
[from data line 9527]
-115.82956296543163 -331.3536710322988 -39.5114510765724 -2913.6629607631035 1287.3752504778226
-125.18572923811557 -356.7084889643754 -43.49916924034432 -3027.0732654461017 1340.3120439584388
-118.3550170296366 -346.9663004608902 -44.73947626395412 -2925.9245995254637 1295.846465536844
-118.96821221384786 -340.893312816459 -40.605526976954074 -3088.1453929471036 1347.3701215834515
-126.04944659225379 -366.6111716566351 -44.69999128830536 -3028.200355707526 1308.7656039949252
-116.75290459791043 -338.7007582483048 -41.4281734969264 -2989.736095968368 1291.5489785365833
-117.36779248011574 -343.9983563959179 -44.35816739728213 -2983.5690373168477 1300.20388328642
-121.87958623573081 -357.7414060763346 -45.25724461439091 -3040.9600702036523 1302.3947524348923
-112.95739706281302 -328.49855018981805 -39.15885802698734 -2996.81860164391 1301.8484460592126
-127.57397580723185 -371.02234556996245 -45.66827044963054 -3036.6906086113718 1332.6361626065811
-130.13175529441583 -368.62044688213234 -48.03250989030771 -2936.838785814971 1299.5435784697975
-129.27849392822975 -364.27898951504534 -44.085337612745086 -3092.1522489297204 1374.885323979748
-123.9643849266237 -347.9576435748653 -45.307291769523204 -2821.4423048294752 1255.5992865744504
-127.60659827049798 -359.62191459691434 -47.9048329631653 -2886.928189849704 1254.6225610848703
-132.30374713986598 -372.48655551774243 -43.84162711316629 -2989.7523539801923 1352.230920616258
-131.9404491740788 -372.4949269221869 -43.429399301444334 -3135.594534914848 1377.4061320520625
-126.39340253331903 -353.6033343966023 -46.65419689165649 -2856.970305404367 1301.8100308712537
-113.87709496517022 -322.13167335492017 -42.82231890709222 -2937.1212320174304 1347.1761944540654
-112.43158735294584 -340.71742410409644 -32.054232668122545 -2894.286080282564 1185.5048445823875
-120.0711795258192 -350.26800103366463 -38.50324589714882 -2954.462620856595 1256.518223972253
-125.92242280982411 -357.1125905046138 -40.07821308177412 -3032.7231815496534 1343.6427387635995
-107.72215149777 -338.82022186089193 -51.25818608858281 -2957.7048734219193 1243.1488073513449
-105.34524363018339 -332.40236934946057 -48.932413949423214 -2778.1587720970424 1184.1584392552243
-115.63132938361215 -357.45246455703636 -52.140064594558694 -2942.2582254722606 1282.3675973891718
-119.9552310567924 -370.85438398836686 -58.063827537482666 -3066.486242333676 1351.6290567171507
-103.00796775147704 -314.3649062229963 -46.85631677977192 -2924.592274553151 1273.3282917858753
-116.8382866072894 -358.39200375594737 -53.60995274996996 -2880.468452748077 1253.320347667763
-104.137248320987 -323.2486809414136 -50.36999520881953 -2820.6392689860163 1272.7586146247115
-120.92498799075081 -373.5287307779942 -59.46852418585945 -3112.6132506163626 1360.3298947005133
-118.91656460866336 -370.5977592339482 -51.158984228839515 -2879.88317645683 1191.4950582011188
-110.39068039429719 -345.59896851034176 -47.91659823094701 -3184.5090413051917 1316.216408689541
-106.48643293492366 -335.86951657957184 -45.93907321668251 -2980.1566456988585 1230.315542476848
-115.27797810441086 -361.7995431111459 -51.3048614447917 -3203.029031756491 1288.7424880570436
-117.96537367631285 -369.80438403353145 -51.327935642933966 -2930.303937326452 1214.5398063109494
-106.36747596818476 -330.9234789599752 -44.882204559990015 -2915.481150110572 1268.8811381675855
-109.61330101256642 -341.9092029039682 -45.3220296379579 -2889.944046310618 1223.8163047409712
-108.27855061709398 -336.8579280023328 -43.57969898651574 -3005.373640772698 1228.9304785713277
-104.85202893416049 -323.1122583225836 -41.93911413691281 -2971.3759499705357 1216.725835078721
-111.45122864936462 -347.9142515761727 -46.119740795120656 -2792.3945739435 1206.4750423419243
-109.58189031049447 -343.72831756796097 -45.11761352278221 -3046.9720813695085 1253.4372063732035
-118.15373653613156 -367.95092943824955 -49.43805292844662 -3136.402184104773 1317.4977507201213
-117.77046235426906 -362.19399275806893 -49.99825533974874 -2984.8852964970265 1223.68512730596
-109.00988323882501 -331.4324882388347 -42.731283692022714 -2870.1954669045467 1227.3903092910666
-114.44800654859499 -357.6304039328167 -45.97333418441477 -2987.576076097301 1284.482249829318
-111.55788467978921 -347.8956218834511 -46.218847189740444 -3019.2147122434762 1260.2993550488013
-112.11945502191284 -348.19286729006916 -45.75784295578235 -3036.5446606453993 1276.2407245117756
-110.72947403378977 -344.8511443724315 -44.23477036518103 -3106.3728426690063 1284.294330577964
-112.06215874308013 -348.86691799359374 -47.5410864601008 -2971.3149416165775 1256.8267549160744
-109.9074903109636 -342.1399366797426 -43.7839143619695 -3083.5229724363917 1307.6797600549082
-119.89564169966663 -369.9581538362578 -48.84999385254373 -3370.3401459118813 1402.9168058671612
-102.72402423983486 -318.2687047558292 -41.549086610268446 -2854.772020802019 1205.0433258844546
-110.3398590642273 -345.86281700437263 -45.56075018867396 -3007.753680905937 1247.1526118406555
-111.53516027192646 -346.9766326285134 -46.18367888285718 -3042.965747408425 1269.0728240083577
-113.06086523481962 -351.70552674521497 -46.80073119299371 -3112.1691876865375 1301.3031053526754
-112.14058630779526 -348.90030122725403 -47.32291212891173 -2966.9827624109216 1325.1197876791136
-109.23808760884768 -336.141342691252 -43.91367651064353 -3008.977388639892 1252.3770220539982
-111.29735105908082 -344.83323942373636 -45.354075037281476 -2940.9714887159907 1298.4901567949646
-110.40190331150171 -343.1997472181593 -45.01395448663193 -2985.2784548604677 1246.0127618473439
-108.70986152882054 -337.004230332841 -45.09855575779361 -2920.8630819208956 1225.9039622084547
-113.11078900085376 -352.0314269106216 -45.65114005848188 -3028.386395063143 1261.5743142353108
-104.77800392553115 -326.5091807462896 -43.44241818258483 -2867.421936818193 1203.090658796375
-112.71564374948993 -350.0223345664184 -45.67219454197471 -3131.9932692514785 1290.1596170003875
-104.88090701256071 -321.798642774951 -41.506245546268175 -2871.9483913728154 1209.500944668581
-111.24352541778433 -344.5878726087906 -45.31304851262586 -2916.748012772256 1216.3212432044677
-109.02600883444946 -336.0856375627304 -43.21682069600737 -2832.301626508915 1193.5451032855112
-117.35217658971611 -364.49195128856115 -46.847222566015446 -3005.793286087129 1236.2903386761025
-119.10711832169534 -366.1538272882482 -52.41956151096004 -2640.816545239204 1168.190389291641
-104.18997752342999 -321.68123198489457 -42.241399724976134 -2881.205949830353 1172.641036280642
-102.75744810817149 -351.8528277791175 -48.56540850274466 -3362.253727607595 1280.0822210148397
-100.12977601278904 -341.1839833491414 -45.91541401992259 -3066.7453735543195 1199.4066344802536
-104.0360007077723 -344.1472079461272 -42.931238433206616 -3213.9615686816487 1215.0793551629533
-102.33684146737703 -340.36051561004365 -42.42241425126853 -3024.7756934873373 1173.790668557059
-94.76787254067405 -319.355820368587 -40.384320708367824 -2752.7933059101388 1056.1820512366717
-104.94704496168313 -349.19074974144473 -40.88191320353057 -3070.009197486585 1185.8548589474617
-109.82433013753338 -367.3844223302341 -43.620742952922534 -3326.5561635597255 1269.9396617145014
-111.82890042402296 -372.4780774618478 -45.78285081388257 -3440.525914330969 1336.717860914352
-102.36481336659708 -347.34449485960664 -38.8521025494487 -3004.7150269036015 1170.4896702165167
-103.01711217039642 -343.17399219535406 -42.174516409661415 -3093.5483053967687 1211.20844156323
-100.77056489251143 -333.3422199247393 -40.553555883982526 -2919.2129144767314 1145.0494648758188
-103.39518265835758 -344.1034573041003 -42.39702381348494 -2931.4175871031603 1150.8770150493633
-112.20779092467677 -369.4826304072245 -50.88941109826403 -3205.006575452102 1306.2296579084423
-104.26129785911523 -347.54819167052875 -46.609163865079765 -3087.965061999376 1230.7744843798441
-109.65482957740846 -358.57694281671223 -41.50451472625914 -3182.8260282624865 1258.1268560701974
-107.017296816166 -349.92688403878554 -40.51286093578763 -3225.474901259058 1229.5404346150522
-99.63067056728781 -331.0890990024255 -44.560510660060295 -2709.3668145027996 1122.429943550416
-101.19296791094283 -332.09153454429196 -41.702670355512026 -2915.312109202055 1146.2986444684227
-111.49318125143684 -368.02126296660833 -47.25414744626604 -3204.3247273622815 1289.2664751914124
-111.23253626776098 -362.72168656707646 -46.14604675052748 -2666.5326375706754 1056.011179105669
-106.42222111674978 -346.8617864702386 -43.929446119550974 -3000.189635714103 1209.3704391326655
-105.76923475869823 -349.13994574202275 -44.82169210454957 -3185.8583706505206 1269.3183707665964
-110.64517652388047 -368.86000359734675 -48.37080041069369 -3290.730034275699 1307.8853826265683
-108.0367035312089 -350.619066302717 -45.18517510673869 -3070.778390631636 1233.1354070702107
-104.71283993217158 -339.77907493741253 -47.29466097198569 -2935.4718692216998 1226.5086529780176
-104.40420772369752 -343.65729369733987 -43.090708118523 -3017.6506774709696 1172.0304934758192
-105.8436223542702 -345.94339230648285 -43.938656742293624 -3074.272323662129 1225.5729057222009
-103.49640439283921 -333.90279212660295 -42.91733306803755 -3010.6036631894613 1229.6963868276143
-100.11689260923353 -330.8721474326161 -41.9693985127424 -2948.758854976281 1161.1758238835284
-100.9762361799523 -331.58795875824086 -46.01241266073723 -2429.0366791198862 1098.4612040684196
-103.20534571348271 -334.8845447710217 -43.22251891827375 -3024.6115409729314 1214.9696388531302
-107.84970575930798 -349.2790037107807 -45.7740214621893 -3029.2130994414315 1228.920404901454
-103.03387361933005 -334.4334916442318 -43.0586888598825 -2934.204389622728 1166.8909932795802
-108.87210056772086 -352.84376111470516 -43.65552557781786 -3245.8358694327226 1339.544226941441
-108.00068951036296 -346.2762870486556 -49.17288041578325 -3087.9528440106174 1274.2522329007434
-99.91069723986811 -317.00568395032735 -40.81273205101234 -2842.017832702971 1132.281923715702
-104.03335555047674 -337.3018966144266 -40.44340439810403 -2991.096989726694 1187.6845860585945
-107.63533089971246 -342.79719560519123 -43.96225556153634 -3221.1223573800044 1291.2831289174449
-103.38031375166263 -334.59569536632375 -44.71032032979095 -2931.2643315684695 1190.1177058661283
-106.60366786335086 -349.6922445325433 -42.824617676481154 -3037.057347202254 1180.0230165995695
-105.96942754158232 -339.64025061316244 -43.59362372120268 -2965.5116475733093 1200.244372451093
-106.81405559756993 -342.14138234038376 -43.44060640571288 -2882.9309029257493 1175.839805539403
-106.02231689297733 -342.6434045735412 -42.71826677868117 -2900.2677398623478 1186.4205489102494
-99.7871350751836 -324.4691781893505 -40.25513757959141 -2537.5008915946 1016.5999637583358
-106.31488976043804 -341.0759657704034 -46.55944391122268 -2925.470844889736 1197.4699137465152
-109.66511775752349 -352.58968440854767 -45.454257994574526 -2379.2021286081244 1053.8806228135152
-110.99689035116627 -351.4857728898844 -47.985540657546615 -3109.1132970411936 1295.9079588308734
-104.99676684930772 -333.1971519774363 -43.73195618792355 -2975.2167973197993 1236.8480907126038
-109.95329102698274 -346.86588924508925 -44.79410960603787 -3167.9782628543567 1304.579091476012
-109.73765552231522 -353.08578136691614 -46.5264214949889 -3039.223228072493 1233.5708591235602
-108.76650527778334 -345.2550745774057 -47.48352880208609 -2933.0126484741327 1212.6485984743472
-108.73380864195173 -350.19793481508646 -48.451098629751584 -3183.32133690425 1293.5759523749823
-110.43976892015962 -350.1637293082752 -44.35321036482103 -3146.7249470837937 1224.4188646916555
-106.05649116593358 -336.9993239030566 -42.968655506798 -3109.1691475893977 1227.6717564175751
-114.06705535953323 -360.828353591089 -45.7536719975421 -3507.9734366034236 1371.8367849348772
-106.15491052479926 -348.76156433497033 -42.132999292571036 -3048.7945509043493 1194.41529638082
-111.54653379619062 -362.06792527378593 -44.83290735475476 -3103.708906939791 1224.990411772159
-109.56661328343782 -347.8854271005081 -48.00375718573657 -3141.706889486849 1306.177779104064
-106.15458485928303 -348.343256898171 -42.77774050620704 -3019.3977105831787 1201.8052792747305
-109.05581904282806 -356.42624950861733 -43.828659853520286 -3123.281323340497 1232.2793225516268
-109.61517310919874 -351.2427844000178 -44.9581433423378 -2974.049018919869 1204.7210706112562
-111.19631461283483 -362.1956749249606 -42.63744895839418 -3226.7656275604922 1268.890860712555
-98.44118806580022 -314.95512611262086 -41.67051551958514 -2557.191081713236 1044.8917086155525
-105.19640961703276 -342.56285342405823 -42.31999802314037 -2962.287529427048 1184.6044327346178
-100.00153634282074 -315.8367840239248 -40.31224545261267 -2585.863844698546 1071.8987040272743
-106.16438777929832 -333.37596011039926 -42.429382426078206 -2188.9231617961527 1005.7119489525746
-110.24548994024144 -349.2846699598427 -47.448613232862684 -3092.305473954326 1273.079721244814
-98.73875896030394 -323.1078561554305 -39.89664384100199 -2814.1860046659895 1112.123729269187
-108.72608993720087 -355.33177090955496 -43.68975699849641 -3269.4495013208425 1285.1488498371152
-110.88956019986978 -354.72023538280183 -45.58105512170219 -3119.5107877179967 1262.7866719607703
-110.20634807606773 -358.0299949475313 -42.931250739384005 -3088.222527376495 1212.2681594285662
-109.77057249418523 -350.68422953133677 -44.528321058476834 -3233.7608997801653 1255.7261326842734
-116.48182164095395 -367.4669450358524 -47.43967302289551 -3218.100884428514 1330.7481287893697
-110.2877997649154 -344.8046937889349 -44.1638528193686 -3024.1948615486663 1245.5108054248967
-108.72653385713953 -347.69418182249024 -44.45071156276186 -3175.1614018345645 1266.950782631795
-109.56915609099276 -359.992424698521 -43.48771831086399 -3332.898430010461 1298.6096887830859
-103.0719040395544 -330.83628550279474 -42.668718189505796 -2913.8719634551812 1164.8717528897134
-108.19526475899075 -342.25804324906846 -44.52193152829643 -2978.4383635689505 1235.5769282449714
-105.74665993300843 -342.53682651433576 -41.93499978626361 -2872.573686684766 1161.4414196671569
-109.46895909220913 -350.2506140902789 -41.18141874306343 -2897.771243631287 1162.3101519956683
-112.48628590810486 -365.68094094753747 -42.06804168810548 -2759.8544955709535 1048.2029054867114
-108.20348205385793 -344.196554632669 -41.07870194210061 -2980.6366585357764 1150.7217241330784
-104.82131943976992 -335.91932378147646 -41.61520322252308 -2798.4608368257086 1208.2431179998866
-100.41362038779702 -321.88975713509274 -39.5597399652266 -2716.774314117431 1098.8760334023405
-109.24289882349996 -352.05793537677636 -43.43565287254332 -3012.1581883271965 1199.6688025643607
-107.9521840697006 -344.44230276536683 -41.31257513406754 -3101.2998476094267 1249.0197309688224
-111.63159535364393 -355.5127742667206 -41.95226819371284 -3128.8643279561834 1244.1533327142927
-109.78527102115038 -351.3060917141062 -41.296918040671294 -3020.040450288165 1205.8615177554716
-114.62191987846745 -367.73370309758377 -41.8175158979574 -2992.5153221673354 1172.6568035381545
-109.11499308230145 -350.28004637035764 -43.05136027641807 -3159.0527174982044 1269.173446464641
-114.46685955915781 -367.46438926222976 -45.170838937790045 -3409.008577916403 1355.8844145287092
-111.2357272984778 -353.6421376830805 -40.464250444175676 -3187.2033497234315 1233.0834580015055
-108.24212894234924 -351.1830512911183 -39.89189156393049 -3109.3335907021237 1222.4859827648122
-114.14663152478414 -364.53846736424236 -45.602028105784505 -3257.544501405565 1259.446461008434
-113.12043020510055 -361.7145219244563 -43.85521759981021 -3673.989080797102 1429.121339978125
-107.79296982721169 -352.03466040334956 -53.13285531856273 -2927.822655828874 1156.1324508767827
