notebooks/skycoord.ecsv
# %ECSV 1.0
# ---
# datatype:
# - {name: col0.u, unit: pc, datatype: float64}
# - {name: col0.v, unit: pc, datatype: float64}
# - {name: col0.w, unit: pc, datatype: float64}
# - {name: col0.U, unit: mas pc / (rad yr), datatype: float64}
# - {name: col0.V, unit: mas pc / (rad yr), datatype: float64}
# meta: !!omap
# - __serialized_columns__:
#     col0:
#       U: !astropy.table.SerializedColumn
#         __class__: astropy.units.quantity.Quantity
#         unit: !astropy.units.Unit {unit: mas pc / (rad yr)}
#         value: !astropy.table.SerializedColumn {name: col0.U}
#       V: !astropy.table.SerializedColumn
#         __class__: astropy.units.quantity.Quantity
#         unit: !astropy.units.Unit {unit: mas pc / (rad yr)}
#         value: !astropy.table.SerializedColumn {name: col0.V}
#       __class__: astropy.coordinates.sky_coordinate.SkyCoord
#       frame: galactic
#       representation_type: cartesian
#       u: !astropy.table.SerializedColumn
#         __class__: astropy.units.quantity.Quantity
#         unit: &id001 !astropy.units.Unit {unit: pc}
#         value: !astropy.table.SerializedColumn {name: col0.u}
#       v: !astropy.table.SerializedColumn
#         __class__: astropy.units.quantity.Quantity
#         unit: *id001
#         value: !astropy.table.SerializedColumn {name: col0.v}
#       w: !astropy.table.SerializedColumn
#         __class__: astropy.units.quantity.Quantity
#         unit: *id001
#         value: !astropy.table.SerializedColumn {name: col0.w}
# schema: astropy-2.0
col0.u col0.v col0.w col0.U col0.V
[from data line 15546]
-292.3540577348113 276.8823329070422 -171.1941072855456 -2469.30064988621 -4717.605787021366
-300.5543418607473 286.4040202735834 -176.3896129480995 -2819.4002217018424 -5231.465735342063
-304.1279166112851 288.1282509078607 -176.99002966976386 -2840.9063315801022 -5205.956429931551
-307.1300448799439 287.3643817309555 -170.98434237431215 -2706.050291490529 -5138.896771011956
-317.8180397838257 316.1734005373214 -194.34750044062713 -3112.808290910072 -5643.553499027071
-294.6144689551053 296.2619958749038 -180.05245072651405 -2894.581968630657 -5130.546760826814
-283.9509230858547 283.40959281776986 -173.22849889846952 -2863.419927170882 -5029.54620502892
-286.5013722473104 290.3819964238045 -179.05309922372106 -2897.9826166679977 -5110.881828362896
-295.88046467917593 291.0454210406806 -178.09356752310882 -2842.8051169996293 -5198.446674559617
-275.93716783723966 278.9745808337309 -169.5698735871503 -2786.3130828118688 -4832.909293500585
-315.60440739499785 312.3741102977296 -190.24707183069805 -3143.603807454288 -5421.599220900578
-277.50918763150173 282.4931611924532 -171.5408509201552 -2858.1111237397254 -4946.895178023127
-285.5766070078554 252.59972385921938 -178.80015646857788 -2464.361696255801 -4940.059631170373
-314.5035744815873 266.9258766698081 -184.320369815221 -2575.355249437223 -5305.2179938734935
-302.80159162441413 279.3250645220123 -186.68034762326457 -2688.894518372725 -5313.205245203754
-301.64637866221915 278.05503509391053 -184.38703182634228 -2745.1536250534364 -5301.442202558165
-327.8316643495101 282.31146607939723 -193.7135139515514 -2673.0862812996397 -5532.882138385072
-306.60668214889444 263.2104955571728 -174.99789179153566 -2850.3725756851427 -5395.640280319693
-295.0856487035297 270.41516880490053 -174.94919116393314 -2599.906583235962 -5089.457923546656
-317.9030619585638 280.60722148248595 -183.57787583274882 -2617.0580453527896 -5286.512217910903
-301.4190732476576 274.2801445760453 -174.60135091751664 -2799.28952844329 -5257.584297943639
-297.87103689702155 272.1154176939216 -175.78071271927945 -2784.5808863927227 -5280.882798757045
-297.0340355742287 258.0024087744505 -168.79361628626202 -2568.087040630315 -5183.606741741143
-303.2485690069071 274.4495558213931 -174.77826128246892 -2759.9614085652793 -5250.9388927977025
-302.23640415038403 271.75177810815546 -177.95915940463152 -2688.76738750544 -5284.334264447389
-308.53446561992604 275.5375627354731 -180.1411107574034 -2599.9521782301586 -5301.9444092076565
-315.01123523905534 270.4305239373999 -176.3246121728421 -2660.393977311695 -5364.29056577983
-296.5126140712174 260.4602753325853 -170.6046844932522 -2558.942642554697 -5194.847091220458
-317.5620923118666 274.8367553845812 -180.97404451822123 -2567.561691336783 -5273.600696321348
-314.9867028581623 277.3179984537185 -180.52827836800958 -2705.694451636629 -5316.7624942729635
-303.76214959242145 265.8605708505989 -170.8144397888656 -2557.145645282182 -5127.916391770837
-298.43037406568845 264.0913662829636 -170.83128452374484 -2619.2867383725547 -5057.820025400418
-315.08399888226995 283.1409234164863 -184.75887263442576 -2763.5153197406376 -5479.038709892999
-329.6702855234383 296.41120202294434 -185.46444667502604 -2912.8862963862966 -5398.308793005481
-314.70818181402876 277.64916207052664 -178.70417707843316 -2696.4929409810393 -5320.235379169174
-292.02904668413225 263.6782190852902 -167.26450067152956 -2750.2940413762203 -5273.969443623151
-313.7713750930556 278.54781891077624 -175.48728155712647 -2833.1237814455903 -5250.2441174817
-323.023871257777 289.53845953002633 -177.9312396526705 -2887.1903420127114 -5406.693076026742
-324.13323256939407 289.5938193501825 -184.88416004826976 -2735.629905883289 -5532.8311020702995
-302.4619397084483 268.81701730069136 -167.87818855267938 -2626.700168691497 -5282.601729605601
-311.10285766408623 276.0130826545065 -170.95719083651653 -3012.597028385771 -5512.467465931732
-335.004154080766 287.54666109108405 -185.81260928908353 -2779.1812328120823 -5577.81897825859
-331.59253860656196 281.7642961298776 -181.73742136431036 -2674.473006832786 -5432.150078739666
36.62522392550513 -141.19516544600725 -14.366899247255793 -2825.7289749302167 -761.9976146126825
23.85296368111127 -142.86333351855566 -21.441083250220174 -2811.5645842508 -410.4027520222368
21.95754034731155 -142.67852127180905 -21.849993712475175 -2703.7114056453775 -384.49396676809033
20.99516077817117 -141.90113219045185 -25.604399032564768 -2987.689410719799 -430.01316709255013
35.82891364518811 -139.52064820252681 -20.5745948211672 -2737.584813099969 -754.8809676430761
37.37013912850569 -139.29751502416354 -17.95202363564158 -2783.5750912232825 -786.5077560522393
36.21283461460635 -139.3818769629953 -19.389267805980527 -2808.9824323552753 -780.6972926025769
1.2453128952383117 -142.86575926758238 -16.803213784168058 -3361.1211547069984 6.668633267683539
34.36125344016551 -138.71372786484685 -14.652515778337564 -2805.057803995105 -749.1454105608937
23.844657614475363 -140.10555640464813 -19.694131336001124 -2775.732715678728 -431.56205782036767
18.550249120914202 -140.72370045939434 -20.53293439101956 -2982.7367364726565 -358.6526090253483
18.676637823060904 -140.62165542294068 -19.51564567332871 -3170.405565801478 -384.18396973909756
25.466992689646872 -138.79335882452986 -21.295539192085073 -3144.070317202222 -551.6041112124718
16.779605358872352 -140.06869666219 -20.285401571593702 -2917.6151942673737 -304.6213082110531
20.17404099099984 -139.34110782063482 -21.33633136964713 -2969.4882980957295 -400.2278756506989
15.433905270966385 -139.68819499419655 -21.281016646224028 -2848.164983226024 -286.7232546807568
27.603012882624228 -137.9350676741572 -20.364700883938614 -3077.879813375718 -595.0416075599522
25.58683359756958 -138.42580050012745 -18.37427760809396 -3052.4681059738514 -506.0570815140296
22.470813641710443 -138.8446121204147 -19.14840777725897 -3258.006535816812 -504.1440715668901
19.81682586792024 -139.5293296406531 -16.361764335435666 -2935.231041857847 -374.5582878797841
15.183096357595494 -140.2240275986328 -14.759712364241663 -2835.6571249772624 -266.4341664634064
21.372703386632587 -138.81700381485825 -19.010616210917803 -3014.6293504842993 -416.0239501637066
15.317431922040251 -139.6269261535128 -18.13958126285466 -2859.8651036709366 -272.8208929917796
19.275650535995094 -138.864328460887 -19.3936614823679 -2986.5038683683974 -384.56749647146955
12.896489404806294 -139.60146616032858 -18.526526913277326 -2741.071541416419 -222.03043779160976
15.410282712136103 -139.98372326129248 -12.175550165613926 -2804.668436974622 -281.7717392880478
14.583160346140028 -138.82018136541748 -20.211342105267935 -2814.7436476609155 -267.288671745795
16.271032517299815 -139.2502756648912 -15.29766656537477 -2839.2160418280346 -295.0412112190633
9.679271606325882 -139.92676473053362 -12.614192340558608 -2769.4954243154784 -142.43235588786342
10.254672109475298 -139.59481163682753 -15.361248931455982 -2732.624942874742 -158.91494583956927
16.043057592226916 -137.72608258529192 -22.52546280008598 -2808.085528396991 -314.7695071349027
18.353850772679476 -138.2073229313653 -16.52163680567688 -2856.1653051633007 -334.48430325234176
17.747226227245605 -137.85081119514211 -19.817385953438354 -2902.797496089828 -342.98265536790404
34.34000191380029 -134.90718150176068 -16.1633880888699 -2793.8316497304672 -759.0648273693739
22.72456190463969 -137.0339369612276 -18.519737219386545 -3109.360114796811 -469.19010797825604
16.56447778645591 -137.4996773124771 -20.952159959077584 -2866.109986146655 -314.19148015529066
17.74510824498611 -137.51906146355162 -18.86356752701306 -3060.3186294373645 -367.5116185343685
6.572247073358982 -138.84279566980746 -16.006860695850868 -2730.852728435611 -89.22712886829466
18.00336668970544 -138.08308744159086 -12.495067861582342 -2934.3475339464967 -341.61018355044405
14.270125625936211 -137.78753329422784 -18.45717252189103 -2822.7135562978947 -267.0454502132888
19.592508418206847 -136.91699027998845 -19.60368781656142 -2990.8339596563037 -396.53935641901705
24.902948818236272 -136.633220277654 -10.769002521537821 -2848.0344116926744 -529.4663364582041
21.40991128398107 -135.62231269451627 -22.91042125211616 -2936.255272482897 -450.18287455187584
29.19372951458366 -134.74454235488304 -19.050577886408842 -2769.3197455915943 -558.6305867560773
18.0347330460098 -136.68721979698867 -18.97225799542434 -2968.2779905501175 -353.64021920229874
27.361343934730986 -134.08825108277702 -24.624636238002807 -3113.5411828644333 -628.3864924160393
19.111067262398855 -136.71588146612626 -16.533948535780283 -3006.708144475236 -407.38553068169773
22.193377754039965 -136.04226198801996 -17.816765470705082 -3008.572261104095 -446.92928612159017
21.93326412067448 -135.2876170039097 -22.513371918316743 -2994.3267763951712 -463.2776403172439
18.90963860101429 -135.88740255103755 -20.08870362417452 -2943.7484050532544 -378.3749816505665
6.17501852490856 -137.32300540810135 -17.787353253945913 -2657.2961371585156 -83.92083833807601
16.2770023831311 -136.31140079599044 -18.80462760360601 -2873.8670011412623 -304.90947661432574
7.744176064993921 -137.41663692857566 -15.884727672445608 -2717.5776025539067 -111.16342122871322
21.494958970305508 -134.67864563422904 -24.233902113618758 -2911.183019452118 -459.4413363054369
20.875796099450035 -135.37802331831034 -20.20338221014771 -2917.748622820504 -422.62340714853457
16.710727163382796 -136.0888187749726 -18.70886961187641 -2869.490134082177 -320.2945732941904
9.886396228942012 -136.7471089391981 -18.688887442207765 -2733.156770902727 -165.85578739886475
18.737203454592372 -135.8934678937701 -17.700638183404266 -2913.3529078755296 -363.29658438491015
12.905050463256769 -136.39660588953808 -18.954365204523597 -2726.3875538100137 -221.2455372674621
7.608215874295349 -137.20955358351426 -15.013431917870482 -2758.0510015405744 -108.68804189508565
28.0710011919898 -133.65192524795498 -21.348578701356846 -2739.8942289466704 -550.3284163724649
6.81152454936537 -137.19144613453338 -13.325362501724252 -2650.7640100768936 -92.36666257183934
18.796916055730613 -135.1300155324045 -19.279546657597724 -3072.740997597835 -375.78096156045166
11.063418762006085 -136.44071626346678 -15.26703685305615 -2771.4192692308397 -192.6296175227538
5.516879606143233 -136.7558677974873 -14.624861182208752 -2611.601810150163 -62.2805061024329
13.50099679466181 -135.26829585114345 -20.654370499985294 -2753.2073320312593 -256.50506316457836
9.213636106169368 -136.0480868634568 -16.894126061197436 -2740.247782916173 -142.2011259786798
17.014270363138518 -135.445820452281 -15.597796816474178 -2774.784544695391 -302.19450283731607
6.065576234537577 -136.16691200793738 -17.067857966260902 -2614.2396196145232 -86.92440340896802
20.549893353589052 -134.36970458053662 -19.509369121450995 -3051.0073149477817 -433.71792197915636
24.94973166399499 -133.78938416609518 -17.960609633553805 -3086.0299859475854 -540.2900616404968
16.262713528903603 -135.07116230107027 -17.463460925836113 -2875.0296909966223 -309.2832929023315
18.34525239411117 -134.3998696066808 -20.073873361155165 -3024.004222557278 -372.80476832069684
16.80040743595727 -135.53791078370517 -11.864914704204194 -2921.434231770059 -321.7052312020467
19.621245022360377 -134.61468535220578 -16.832314716931247 -2914.8570823718155 -389.97239914862195
5.855071333428742 -135.70674114924083 -17.621948091241308 -2730.9043901627324 -77.8960529144996
5.482664280149771 -136.08363918856318 -14.553491298728687 -2572.2397289141845 -62.6689246540243
23.88494749747555 -133.40655449006508 -19.80674526117049 -3014.8966659652942 -516.2805673458578
21.285867697243535 -134.0171694962061 -18.515397746454994 -3014.6193069239575 -464.7552082438684
15.569964465113676 -134.4311469296897 -19.18539237364105 -2863.5162767883126 -305.1565095796443
23.124789466750787 -133.66987903066277 -15.73882941094572 -3035.5899520509843 -478.65428828367413
20.50061143520728 -133.64299878294062 -19.032802403302494 -3005.575100856491 -421.2960571581923
16.709213399115935 -134.39507451943717 -17.26779390081355 -2854.300279544052 -318.1730435408979
4.357625681321061 -135.1734519842447 -18.367569585735826 -2602.8847049707288 -45.74603289168672
17.42147620177232 -133.98369712750298 -18.929925824457566 -2983.6412038466083 -360.90181018044666
9.877936447204366 -135.0590798176221 -15.58834048994396 -2829.4790333535425 -149.20857491595274
20.03482023596033 -133.36752713750687 -19.778967094343145 -2944.6511397279965 -450.36169940687654
18.95748894119758 -133.56550678763642 -18.762627967152884 -2936.401718484601 -387.8552977226848
16.857421923710824 -133.91249994384754 -18.06527128462159 -2837.1081371468626 -365.75995230367835
23.462238400593435 -132.9717493624963 -17.538158214878145 -3095.9640357086405 -510.8259785230245
17.165242618760413 -133.88133599319036 -17.87966371243961 -2902.1435301599445 -333.91141770728063
20.443302922302586 -133.68253955673327 -15.750417408247392 -2925.5253689161364 -408.6196919100571
7.845660129067812 -134.85315324138207 -16.972903236229747 -2710.978338890332 -103.11785506681333
11.20555415004759 -134.2983504654893 -19.07380709909124 -2800.846841298676 -200.94587185221036
16.136959852889902 -134.605794347313 -11.863986950714642 -2882.8015186114953 -300.9075880745573
14.386794655339193 -134.17170905216818 -17.313685201940345 -2794.3294202947354 -267.9779601112185
15.318721532326332 -134.46942433243464 -12.344244186078434 -3091.943293295342 -344.6858653807946
15.750593153708387 -133.61491751154946 -19.05317303237726 -2854.406472862137 -305.86377753699867
5.9723666791427235 -135.149638923098 -12.607261904070256 -2728.491042076227 -81.38466794723468
23.749332958713996 -132.5967481944476 -17.45226321020266 -3135.691516671439 -519.8197574777191
9.905168563031374 -134.3518089032429 -16.169594363967022 -2838.8547823444137 -168.68634812917202
18.16692098713968 -132.3528819487161 -22.91817019099874 -2929.9967712466173 -388.33466283599745
20.66884031822405 -132.88370231624077 -16.875886277690498 -2938.8625034693155 -409.77677182697073
14.806346518514811 -132.62413750522637 -23.594628263913574 -3029.285421998172 -282.6003281377203
6.7099817588029 -134.64982110514586 -12.908233520800438 -2712.0883036848018 -92.03687701599463
17.268477856603866 -132.08124066193201 -24.251540719238285 -2910.6070445081396 -373.3864541472681
8.936388850075438 -134.17280476214614 -15.44911139979515 -2615.824224759011 -133.5718304845668
19.747217817819358 -132.6850229379761 -18.0170979076866 -2982.173599131761 -421.5532474857678
20.964024893809633 -132.56426672353774 -17.353932263446307 -2996.5338113338507 -441.82493384454085
14.026629889248314 -133.26904046526698 -18.498224952567572 -2814.232554295882 -267.2545232088048
13.339459820682414 -133.51890057838497 -16.023742141272983 -2806.8864173306124 -243.61906627018203
21.498997800564034 -132.17257832059016 -17.195921470831387 -3010.5743564423 -471.6316828203257
14.499930362934823 -132.84041842818192 -18.60345187913251 -2854.508008987723 -274.5918561173666
30.633664799413218 -129.16934774308484 -23.729363529419004 -3082.636419952479 -719.4864067787217
19.722322727169157 -131.8600888492904 -19.960086328827266 -2964.578806321661 -411.4145121995415
21.884054611045663 -131.46884992139306 -19.821224100060952 -3046.4095076730387 -479.47827680160594
27.933163820300436 -130.44971779718813 -18.659857875121638 -3107.9319456585586 -625.2288616509524
15.431791843703792 -132.86210262374556 -14.797990619716545 -2786.1830141001865 -303.42865073538906
19.870403808533776 -131.9085828619296 -17.699992622331564 -2988.3256564919693 -415.0045146999918
8.401126015463765 -133.12931517121586 -16.260274071402907 -2727.8290343314898 -134.06744168675624
8.958778221858466 -133.592559029828 -11.303164775048595 -2683.026822632321 -136.81902763122645
9.596961267871677 -133.4264101275675 -11.58066752543814 -2849.894427642757 -154.51123803679155
