notebooks/skycoord.ecsv
# %ECSV 1.0
# ---
# datatype:
# - {name: col0.u, unit: pc, datatype: float64}
# - {name: col0.v, unit: pc, datatype: float64}
# - {name: col0.w, unit: pc, datatype: float64}
# - {name: col0.U, unit: mas pc / (rad yr), datatype: float64}
# - {name: col0.V, unit: mas pc / (rad yr), datatype: float64}
# meta: !!omap
# - __serialized_columns__:
#     col0:
#       U: !astropy.table.SerializedColumn
#         __class__: astropy.units.quantity.Quantity
#         unit: !astropy.units.Unit {unit: mas pc / (rad yr)}
#         value: !astropy.table.SerializedColumn {name: col0.U}
#       V: !astropy.table.SerializedColumn
#         __class__: astropy.units.quantity.Quantity
#         unit: !astropy.units.Unit {unit: mas pc / (rad yr)}
#         value: !astropy.table.SerializedColumn {name: col0.V}
#       __class__: astropy.coordinates.sky_coordinate.SkyCoord
#       frame: galactic
#       representation_type: cartesian
#       u: !astropy.table.SerializedColumn
#         __class__: astropy.units.quantity.Quantity
#         unit: &id001 !astropy.units.Unit {unit: pc}
#         value: !astropy.table.SerializedColumn {name: col0.u}
#       v: !astropy.table.SerializedColumn
#         __class__: astropy.units.quantity.Quantity
#         unit: *id001
#         value: !astropy.table.SerializedColumn {name: col0.v}
#       w: !astropy.table.SerializedColumn
#         __class__: astropy.units.quantity.Quantity
#         unit: *id001
#         value: !astropy.table.SerializedColumn {name: col0.w}
# schema: astropy-2.0
col0.u col0.v col0.w col0.U col0.V
[from data line 5850]
378.87970206698316 279.217132634461 50.90157570060877 1301.618542313129 -1478.7274479240832
387.68977665169797 288.4204817898676 50.02792584418457 1296.414922315942 -1418.7556586082203
362.09963468448245 262.2836961955241 36.652934500392156 1144.98718561236 -1391.761872873895
384.90289982681827 279.12502748596205 36.08662072811064 1025.8640116292597 -1218.1764415360715
389.6675782161329 290.23176353812977 53.22573101315993 1382.5663793730994 -1550.297452211067
376.82177427224025 279.0110215915772 53.15382605230298 1279.7413733779642 -1416.7523771175604
395.61139464880387 292.62977447013265 54.38490990130648 1042.8072511121234 -1086.3079703336286
379.4011370510421 280.2745021763847 53.087828313935645 1140.255604339851 -1261.902760509357
351.6800430061208 261.42811175022774 47.586092075275765 1284.487160018956 -1450.6890998683307
375.7352119534728 276.76593368346767 37.442526606434065 1044.860910269178 -1177.4366696229513
412.32687666229634 303.8491619788137 37.82950897063892 1236.2567479487666 -1484.1225714599002
399.53059685376127 292.5583354015823 39.576983889470256 1290.258400416091 -1532.1245667023916
397.5449298328695 290.138011499769 40.53674245095374 1291.5713735440868 -1533.422324601777
384.14715235076903 279.92948424291046 39.270449549681764 1177.7587639061946 -1375.0068491374384
356.10074999040273 260.2049802402736 34.684410574108924 886.6451792475533 -1009.7630914421194
391.8206345758953 287.84897098038937 37.55978665653907 1123.6354462702736 -1295.7722135424008
391.2519256794025 288.0857532074348 36.72983916950611 1292.4636838100798 -1533.775578781241
405.48494176332287 297.92980544183945 39.511858595805634 1180.5814661917473 -1372.7791896788071
371.1012043819667 276.9799340376214 51.43617721493137 1234.4590875462686 -1368.5449765320216
368.7845744820476 278.641152366275 50.69028829671473 1139.6430300063817 -1288.9442289234735
407.7473362556805 288.82869271136246 45.59963384076267 1381.8016987743808 -1695.5269374892505
377.8435290913569 280.13751351291955 37.17993315093569 1191.1931912755492 -1381.7801483258147
384.63419842109096 274.14301324096135 44.54623114060795 1205.471445121153 -1441.4055167197814
372.25301206691705 275.4877705756789 35.84576067019913 1106.4279638456094 -1281.0797940958341
358.1836614659042 265.64206746041185 34.964228892433866 1208.2446062899573 -1420.2702022269752
390.25313658544434 274.240805906596 46.38553780970407 1157.0156236890934 -1365.7254878503977
389.53179468188586 276.04558295531325 44.05949278478694 1194.0821518699813 -1418.840468338017
393.97520353449374 277.59851005039326 44.26615070172743 1200.099325675949 -1433.3675898081344
407.49461225235467 286.73343859913444 47.51740953130632 1250.855566902192 -1507.2418351017877
398.4674578464718 280.9786043919202 47.301486303694986 1315.118266421086 -1589.1631825189197
355.6909292187813 263.9237282320709 34.657795919661616 1251.8263254661076 -1447.642956230956
408.69627887979095 298.6632105837049 63.00497962452045 1357.5549749673958 -1514.0963046694562
361.88857413339355 259.6288791414896 58.36520267189032 1305.7169949214904 -1508.8449869069586
367.88672617508706 264.4660271901468 42.636476410391815 1080.2879862388347 -1287.190783844771
396.7566360942207 285.15580043361774 43.775535507384106 1209.2928803922778 -1411.2516431164347
383.9757635449964 276.23406410501036 41.26850926421858 1159.8098739015063 -1373.458660596755
428.63323560013487 308.729838665332 45.45030489032738 1377.838114446871 -1654.918099348351
405.3007573013418 291.23343668022886 44.07427824295662 1226.6124116131832 -1468.94959684978
390.7433157838956 282.75215686903204 44.395472038465456 1110.736819842562 -1299.696861442699
394.72897860070157 284.74197601116856 45.19594691894139 1184.426503502807 -1360.723477868356
369.00382459437856 266.28923820149777 42.09665214594328 1099.8164410266136 -1326.6542268976846
383.2690542438914 276.11616941908505 44.36526403710113 1256.8471508459404 -1495.8343127711416
393.99162530037717 282.92809253154894 42.10802051914577 1144.1221119638406 -1366.5202691987095
383.6303512218027 275.6946578389821 43.124542892157606 1202.1077144236804 -1408.2363964826375
390.02645637517526 280.5849758768123 42.004084971651984 1318.056324542123 -1582.1804605130287
403.4089665141194 285.76404872079553 49.05150232585825 1033.4471306441792 -1174.6719242658019
372.6578397024445 264.88922103949477 44.273792213048715 1250.5864781596024 -1508.7821205390924
383.0213492706097 276.5346949948442 43.8952397850571 1146.801168738528 -1335.8657972070569
387.0551137566059 276.60169331727843 42.98246419886232 1096.0772288019457 -1268.9882852097319
387.42994449001594 276.36741830536147 45.3624447188565 1189.9791057442953 -1403.8792056013892
363.27038986173653 256.10283209756994 45.049418061126325 1155.0419977133815 -1384.3779841748383
359.91986399537296 258.5087295346003 40.23805094033123 1059.773438416534 -1284.593365096392
396.3831871228819 285.3717285530116 44.66418261530324 1258.250787854254 -1487.2494327285779
375.032208892593 272.0642384185689 43.89641415045156 1194.4589503194395 -1413.171523906248
382.3875049080627 276.2189419084353 45.07924959491837 1233.267931583486 -1443.5078062053014
392.7716932320565 280.9961505756468 46.08034183973203 1202.043776701266 -1428.3263048822116
377.0742866280624 272.97625196826385 43.63170627522203 1288.0002099574563 -1497.3682917847098
393.39538212796145 282.20091463688044 46.330311515446546 1155.6808442925635 -1350.0483537173884
403.11479643913475 289.0917016167426 47.51661166998813 1237.8243885611012 -1435.5725299731976
389.02071924702466 279.7013366836255 47.535365814269845 1284.558929065275 -1482.7638344077943
376.6684340061175 272.2993408315156 45.2572396101251 1062.6167786305036 -1204.358544170532
368.56365076184323 259.7850690649064 47.289378158375136 1160.2380756852756 -1377.0831496068852
384.42600674498357 278.1177330567999 45.35502312364952 1209.3464725176887 -1385.852561013403
368.36155020951713 262.8206057501771 44.05240225411312 1059.794674767491 -1221.3587164913522
377.8175364667412 273.8308872159101 43.600665215533525 1306.355975487309 -1534.1513278993993
416.7972888386125 296.89365113177104 52.39205036216713 1288.086707354509 -1470.2964692337473
357.2878673602295 255.6607172363068 43.06480093844706 1139.3927831851024 -1368.2974997874271
380.2904266944773 274.80696899432667 44.28484514185368 1218.76666686326 -1431.8224533393343
390.9385685474161 279.26610987288984 47.79961177799994 1164.217930009672 -1369.729783362158
389.10389646239054 281.1236635666737 45.479704375232245 1217.1379561795022 -1436.801109457209
392.4128168596031 282.2793119108609 46.25775580392587 1104.58436985333 -1334.8938886039643
377.48683079168063 273.6385181284489 45.281383944453815 916.8532202839137 -1019.3492339090621
398.12295220177555 287.6242948634975 46.41818518721139 1093.9114663418115 -1256.1135293215825
385.5112006961199 276.1622196544372 46.87428608292821 1077.591646900314 -1256.076804365855
377.34328470610563 273.67125753200264 44.91712813406731 1172.3040035030444 -1385.2098711071487
387.61844595248635 277.55337719203897 45.927127154477844 1280.9516522856761 -1529.2250924315676
384.1857799312099 278.4588533025896 45.057779895859326 1136.7493476525822 -1277.6002436125304
344.8518535885121 256.4862156175035 49.350470737740224 1143.3177291714765 -1245.1519993002833
367.742491195025 273.09948378265017 52.36235508098217 1093.2137564428074 -1229.9359773474862
393.94628470591505 287.0750358081139 43.44499858056146 1252.5836131440308 -1488.8469677826558
424.0634322639992 309.14220632599114 46.20840376549995 1379.870934269087 -1630.1626247772215
380.54480880641484 277.5906578215802 40.74672666259592 1243.2849726290228 -1480.4090349825372
361.20740135711037 260.8192221404985 43.895524703718564 1194.1582441715275 -1355.7430071338674
384.6877813304959 279.23267152066563 46.33246161443838 1330.9511532228616 -1580.4286724277922
378.1314732622321 274.2143523952043 40.9897686642577 1107.0429750820476 -1306.0830361350954
389.45136009276035 283.0375026485753 42.670065445257364 1221.2404025033443 -1463.3837309292514
387.9115825739272 284.22029035214484 41.14938760103905 1139.517196922477 -1311.0973054195117
384.47685371549403 277.70701370849355 47.39482797985022 1236.7725789281149 -1445.4327552768088
378.1240283279679 276.0641839846189 42.499944114961245 1216.804293453139 -1426.914170726919
381.8302798707605 277.27877985702077 46.34948120729684 1189.3644390432396 -1379.431653072011
381.12365582840295 276.2424450453048 46.437516143016765 1193.4528145256338 -1359.7620373527388
382.6997941210161 277.1667860855236 46.531444095131874 1303.1966374503486 -1535.2590543332785
376.874772534978 273.1009062598396 42.93082693745612 1153.7697287745034 -1371.3738627891719
390.321331287215 283.6966531944136 41.74711943913813 1210.4415534886755 -1451.3925715431844
407.0680700405051 295.59670803683764 48.796553511503745 1306.9504143141148 -1502.7010378678394
387.9168504587553 284.963446276161 41.43159072344476 1263.7659110368525 -1465.4329543012175
401.8741572295776 292.21958109731884 44.258711483820164 1322.2701635337366 -1570.1995445750001
389.3657133575806 285.88881298119827 41.163052231137264 1228.3065575658281 -1436.701240710068
388.20747810470897 281.98666372273016 44.08260378821956 1304.1762780262036 -1545.594904630533
388.03889624753305 284.3022000284694 40.47082800916729 1204.5724911921736 -1392.6273330242152
401.169889012456 293.0814515251627 41.50019422533991 1368.5077260730343 -1636.6193765519654
370.98490679054675 270.48665091932776 41.32877384799182 1170.6065945713601 -1367.469699260394
372.8002469365429 270.96917286269706 40.897745232378504 1232.019177201043 -1441.7874945989608
354.52032617505193 257.33496866682765 39.74282195911986 1120.5364560784785 -1331.1814405278155
380.06633547389157 275.70983614835774 42.203137479797576 1256.364440484842 -1477.974538494324
390.20562614713896 284.6396474677096 41.587525142108554 1182.3855912161998 -1402.4610545920143
366.9146490927731 265.9809056184892 41.12050565009146 880.5780007346 -973.2628627144622
363.4200717068105 263.5790438432735 45.32071098134437 1260.015772867643 -1471.3244407239574
399.8926945218891 289.0224083639362 49.5275874468404 1081.0436267899709 -1221.358556521165
417.86262546279846 302.5981942316307 52.29165422255061 1010.6419400608645 -1129.7095735916043
369.6970833353843 269.343358846143 39.07406034562439 1148.9856851191118 -1372.8009431078615
384.8144539643703 281.9386792452451 42.16294761772528 1202.3323385522044 -1366.5892888994033
380.7835938731803 275.74165621558024 41.99597323646098 1047.4059436828902 -1194.933299963501
385.76114679432385 280.08973812148366 41.13967695322962 1204.1694305728693 -1416.4257093619326
378.4411082439194 273.85845993117107 46.44680379087357 1175.2392413371158 -1376.3417947850585
384.1907671061729 278.7578921367927 40.001360670304265 1200.954519085364 -1418.9743275229926
352.5021405794361 255.66914108502186 38.510505433280464 1069.3501090733766 -1297.8588998246596
384.0196891801564 278.349421405349 42.00787818200992 1165.2355226139202 -1371.7303137829963
388.76875886169273 282.33947214316487 42.43895919000919 1186.019197615011 -1403.6348246536938
359.35248465930164 272.05092383164407 52.29787953363726 1219.517686785807 -1321.0246469748795
401.8754808202919 296.0881110585398 44.800483215589686 1261.2668007884772 -1433.4148050372255
370.0334564519402 273.64703131533736 40.94411171833177 1023.0938025358543 -1171.9571993618074
386.19971186416456 284.692522431745 43.56198177949141 1007.1062838037993 -1132.4912069678333
417.34718626555656 307.3216898593974 50.00836185794727 1492.3853992693264 -1693.6897202279267
375.8359847450476 273.8110657234413 43.705674386467805 1167.5549410871356 -1382.9029404654586
389.9539859752713 285.243128187223 44.638604325478184 1236.145338256442 -1414.7266217790202
382.9690823758644 279.77150129758655 45.59969516329766 1182.9706073067327 -1357.7828849325563
380.2167834211287 279.26666108621515 44.89831744377615 1193.5019872785124 -1334.1438113980273
383.12837866346257 280.91405670635754 43.6107962372899 1245.501134303801 -1464.2310651957373
370.8036371493824 273.36753187366503 41.86623694677325 1166.2179907054344 -1383.561894444238
398.0591018653191 292.41686979434115 47.279393003132434 1292.55529033094 -1432.2478307017527
403.14684615737036 294.9397551099506 47.35390007609807 1207.6693255977536 -1368.3708903292495
388.489476983795 285.37956673175415 47.51037525516469 1156.8602517045535 -1325.5810323588419
392.3352076587665 290.7613805485194 43.78766582535571 1246.0352409688373 -1436.5552390421155
393.9801957540794 288.5058889382532 44.73414844071825 1334.197409980536 -1567.4439216078708
367.933636270952 269.46648370027856 44.81732809036144 1248.770226390863 -1452.302962755954
381.6494637699086 279.3127885363234 43.1213140435505 1253.517108836929 -1479.8499197155354
383.10683672354475 281.6081930926316 46.23017401672048 1276.6961776694043 -1502.1443478900721
392.5285721342647 286.2273397572385 44.66839876215815 1259.2388166705036 -1474.9594621729348
348.18635431095635 256.86199164394475 38.67514636855583 972.4367488041026 -1122.1391782941548
367.2182978624612 267.80108713422663 43.34661408458834 1176.1738868677535 -1407.8863647961007
358.50261067250653 264.98595481478725 40.13514304869005 1195.714641749156 -1437.101386112619
382.8485851288772 281.2369625317921 45.442835858337936 1276.2094695088701 -1517.018743240083
393.84792002311826 288.3756730162445 45.93193193686764 1314.2128924217398 -1533.7587739171745
382.4320991819816 281.3075130915624 45.16748473234409 1192.495933463058 -1381.5493642988158
389.0196996465247 286.4111076428282 43.50716841699597 1215.6389618529743 -1436.8080103554882
382.9137013339041 281.00297322296865 43.926617631818964 1175.3046935077243 -1349.139353311031
402.32882224644766 296.048753344954 46.31261187316606 1317.5353774088162 -1539.3658056331217
376.66076133265625 276.35134151530565 42.66160460742697 1218.7798978803546 -1420.980229663602
381.350778673528 280.4439319244764 43.88828798094235 1141.3732387250393 -1271.719440229215
402.65288233000837 293.7450303418702 45.66469645187356 1212.8371536355046 -1405.9765220583006
380.43391637712557 278.97389913046067 45.35088535401639 1210.8517632701396 -1405.7277192914412
355.14514609655134 259.7941910502302 40.581028436070575 959.3540765530938 -1110.576123946448
387.7750533088185 285.03498104302645 44.34311942765694 1185.4596394533696 -1339.3235993800993
377.6323785365846 278.34761407299146 45.377229821235176 1197.8481997053045 -1391.363262640952
359.1422274722399 265.81621217110074 40.360626450895936 980.9218385099252 -1121.812095992711
355.73377947006594 260.4932061146311 40.967274136821494 1031.0154893025083 -1207.8198441846853
396.5192953793684 292.2513235771171 47.34576895768817 1230.6071608197935 -1458.9066486769013
383.83127099475945 279.25304998071886 45.56578813357637 1181.9987918186303 -1384.6495578852534
381.5909178348195 281.096202529789 46.159137381717095 1210.6839846865919 -1369.5142236488505
378.29732225276916 275.854156902858 43.53167548742347 1059.3683053056468 -1208.2612506472067
381.9051244415001 278.3931699100515 44.78663799079111 1201.562605812205 -1410.205502946477
363.34672113846597 265.204934356372 44.96039400379697 1131.4881429956977 -1307.2952440376152
383.66161358507105 278.98638299338336 46.478711155356876 1168.02109773706 -1334.8007674112441
382.4095732115652 278.8657886851145 45.43859745189246 1117.305389675731 -1273.782602487396
385.1166391927404 279.708980505871 45.542862618240804 1261.4000576959954 -1447.1658835634548
386.053780582358 284.22181175226814 43.0559624539393 1185.0548076575824 -1357.5803769493903
385.58787823466963 281.8329460416858 43.610970721114896 1111.5715077080765 -1271.2832737010447
386.8980626014239 284.88154777099805 45.35711263217381 1211.0538123423162 -1391.1146344927386
394.2490494591856 289.5694383048338 46.56114223463202 1030.815000489011 -1124.528435015855
